6
1
2
8 2 8 18 0 -1
8 11 8 9 0 2
haar_y2
6.876427e-002 0 -1
-3.575666e-001 8.780370e-001 
1
2
15 22 1 2 0 -1
15 23 1 1 0 2
haar_y2
1.540759e-005 0 -1
-5.041426e-001 3.939546e-001 
1
2
5 9 2 5 0 -1
6 9 1 5 0 2
haar_x2
-6.061673e-005 0 -1
4.733099e-001 -7.943167e-001 
1
3
11 2 2 12 0 -1
12 2 1 6 0 2
11 8 1 6 0 2
haar_x2_y2
5.712250e-004 0 -1
-7.277390e-001 5.441027e-001 
1
2
8 22 1 2 0 -1
8 23 1 1 0 2
haar_y2
1.362052e-005 0 -1
-8.438824e-001 4.951089e-001 
1
2
16 8 2 1 0 -1
16 8 1 1 0 2
haar_x2
-2.171165e-005 0 -1
2.385206e-001 -6.035525e-001 
-8.191879e-001

12
-1
