5
1
3
1 0 10 4 0 -1
1 0 5 2 0 2
6 2 5 2 0 2
haar_x2_y2
9.602694e-003 0 -1
-4.502826e-001 7.757643e-001 
1
2
10 1 14 3 0 -1
10 1 7 3 0 2
haar_x2
-2.717327e-002 0 -1
6.198987e-001 -4.724475e-001 
1
3
0 5 18 4 0 -1
0 5 9 2 0 2
9 7 9 2 0 2
haar_x2_y2
-3.748259e-003 0 -1
6.356261e-001 -5.152088e-001 
1
2
17 11 3 12 0 -1
18 11 1 12 0 3
haar_x3
2.392101e-003 0 -1
-3.031922e-001 5.085960e-001 
1
2
8 14 4 1 0 -1
8 14 2 1 0 2
tilted_haar_x2
1.332549e-005 0 -1
-7.485148e-001 4.650107e-001 
-5.855114e-001

9
-1
